49      76      87
8
0   1      62     315     346     541      49      -1       5
0   2    1078     161    1121     497      49      -1       5
0   1     772     190    1056     416      49      -1       5
0   2     368     286     411     622      49      -1       5
0   1      66     431     350     657      49      -1       5
0   2    1082     277    1125     613      49      -1       5
0   1     776     306    1060     532      49      -1       5
0   2     372     402     415     738      49      -1       5
